649128357
283576149
157943268
318457692
596812734
724369815
832694571
961785423
475231986

649128357
283576149
157943268
318457692
596812734
724639815
861294573
932765481
475381926

649128357
283576149
157943268
318457692
596382714
724619835
861294573
932765481
475831926

649128357
283576149
157943268
318457692
596832714
724619835
861294573
932765481
475381926

649128357
183576249
257943168
318457692
596812734
724369815
832694571
961785423
475231986

649128357
183576249
257943168
318457692
596812734
724639815
861294573
932765481
475381926

649128357
183576249
257943168
318457692
596382714
724619835
861294573
932765481
475831926

649128357
183576249
257943168
318457692
596832714
724619835
861294573
932765481
475381926

649182357
283576149
157943268
318457692
596218734
724369815
832694571
961725483
475831926

649182357
283576149
157943268
318457692
596328714
724619835
861294573
932765481
475831926

649182357
183576249
257943168
318457692
596218734
724369815
832694571
961725483
475831926

649182357
183576249
257943168
318457692
596328714
724619835
861294573
932765481
475831926

649185327
183276549
257943168
318457692
596812734
724639815
861594273
932768451
475321986

649185327
183276549
257943168
318457692
596832714
724619835
861594273
932768451
475321986

689125347
143876529
257943168
318457692
596382714
724619835
861594273
932768451
475231986

642178359
983526147
157943268
318457692
596812734
724639815
861294573
239765481
475381926

642178359
983526147
157943268
318457692
596382714
724619835
861294573
239765481
475831926

642178359
983526147
157943268
318457692
596832714
724619835
861294573
239765481
475381926

648172359
913586247
257943168
381457692
596218734
724369815
832694571
169725483
475831926

648157329
913286547
752943168
387415692
596832714
124679835
861594273
239768451
475321986

648157329
913826547
752943168
387415692
596382714
124679835
861594273
239768451
475231986

684127359
913586247
257943168
371465892
596218734
428379615
832694571
169752483
745831926

684127359
913586247
257943618
371465892
596218734
428379165
832694571
169752483
745831926

684127359
913586247
257943618
378465192
596218734
421379865
832694571
169752483
745831926

684127359
913586247
257943168
371465892
596812734
428379615
832694571
169758423
745231986

684127359
913586247
257943618
371465892
596812734
428379165
832694571
169758423
745231986

684127359
913586247
257943618
378465192
596812734
421379865
832694571
169758423
745231986

648127359
913586247
257943168
381475692
596218734
724369815
832694571
169752483
475831926

648127359
913586247
257943168
381475692
596812734
724369815
832694571
169758423
475231986

678152349
413986527
952347168
387415692
596823714
124679835
861594273
239768451
745231986

687152349
413986527
952347168
378415692
596823714
124679835
861594273
239768451
745231986

687152349
143986527
952347168
318475692
596823714
724619835
861594273
239768451
475231986

682175349
143986527
957243168
318457692
596812734
724639815
861594273
239768451
475321986

682175349
143986527
957243168
318457692
596832714
724619835
861594273
239768451
475321986

682175349
143986527
957342168
318457692
596823714
724619835
861594273
239768451
475231986

682157349
413986527
957243168
378415692
596832714
124679835
861594273
239768451
745321986

682157349
413986527
957342168
378415692
596823714
124679835
861594273
239768451
745231986

682157349
143986527
957243168
318475692
596812734
724639815
861594273
239768451
475321986

682157349
143986527
957243168
318475692
596832714
724619835
861594273
239768451
475321986

682157349
143986527
957342168
318475692
596823714
724619835
861594273
239768451
475231986

678152349
413986527
259347168
387415692
596823714
124679835
861594273
932768451
745231986

687152349
413986527
259347168
378415692
596823714
124679835
861594273
932768451
745231986

687152349
143986527
259347168
318475692
596823714
724619835
861594273
932768451
475231986

648157329
213986547
759243168
387415692
596832714
124679835
861594273
932768451
475321986

648157329
213986547
759342168
387415692
596823714
124679835
861594273
932768451
475231986

